4 0.609039 0.883219 0.296391 0.233563
25 0.44157 0.875375 0.0263281 0.24925
3 0.29882 0.235885 0.225172 0.158021
6 0.662641 0.494385 0.674719 0.988771
6 0.198031 0.560677 0.392687 0.586521
6 0.487922 0.144948 0.200563 0.285396
6 0.360898 0.09825 0.106328 0.1965
6 0.28382 0.0939375 0.126391 0.178792
6 0.101781 0.181698 0.203563 0.363396
6 0.229195 0.0578125 0.0485469 0.115625
6 0.662703 0.0901562 0.05425 0.175229
22 0.302555 0.184302 0.0300156 0.0379792
3 0.956766 0.246594 0.0864688 0.0742708
6 0.422117 0.0313958 0.0221719 0.0597083
6 0.586672 0.0973229 0.124219 0.194646
3 0.502242 0.893083 0.994641 0.213833
22 0.269547 0.186688 0.0292187 0.0487083
22 0.343391 0.184292 0.0312187 0.0327917
22 0.369352 0.1825 0.0258281 0.0487083
