6 0.907239 0.408870 0.184219 0.580992
3 0.522234 0.806706 0.948336 0.383588
2 0.669270 0.784222 0.639528 0.227679
6 0.192685 0.407399 0.377491 0.706870
6 0.583719 0.370883 0.464401 0.574102
40 0.713391 0.123097 0.062314 0.042257
31 0.663293 0.633745 0.113306 0.139517
28 0.450627 0.234140 0.053117 0.035411
6 0.714775 0.123680 0.067685 0.042212
25 0.714628 0.172534 0.066710 0.035815
28 0.239985 0.761714 0.119875 0.088191
28 0.712316 0.170711 0.063724 0.038446
28 0.713693 0.123247 0.063023 0.042706
