7 0.186758 0.378372 0.331422 0.310749
7 0.341836 0.377963 0.239891 0.208993
7 0.417359 0.344977 0.200625 0.166534
7 0.491461 0.356194 0.105953 0.0974005
7 0.508773 0.292518 0.139297 0.0481733
7 0.625211 0.343747 0.0777344 0.0578923
7 0.692219 0.205328 0.0597188 0.210468
7 0.124633 0.531745 0.249266 0.610749
7 0.0614688 0.450562 0.122938 0.258407
7 0.300609 0.395515 0.193406 0.242693
7 0.424828 0.384192 0.139469 0.158642
6 0.577516 0.551721 0.096625 0.451124
6 0.809414 0.564438 0.0767031 0.432576
6 0.261148 0.716956 0.133266 0.405386
6 0.867797 0.503489 0.072375 0.131335
6 0.866078 0.424204 0.0378437 0.0997892
6 0.938289 0.512904 0.0784219 0.111241
6 0.865492 0.367553 0.0217031 0.0799297
7 0.574656 0.352775 0.13125 0.0933724
6 0.377937 0.544368 0.0800312 0.054637
6 0.490539 0.465328 0.0412969 0.0779625
6 0.922148 0.379965 0.00904687 0.0303279
6 0.380133 0.932213 0.185922 0.135574
6 0.520289 0.446979 0.0236719 0.0853864
6 0.979359 0.411124 0.01175 0.0608899
7 0.777305 0.286768 0.104047 0.0758314
