40 0.554898 0.468469 0.329391 0.101354
40 0.891422 0.648594 0.115187 0.254896
40 0.885594 0.490448 0.153031 0.0897708
40 0.416 0.134375 0.111625 0.0905
40 0.909359 0.608073 0.112 0.167937
40 0.820719 0.90601 0.189906 0.183646
25 0.531563 0.186646 0.200906 0.13075
25 0.775672 0.610417 0.226375 0.236917
25 0.901391 0.805719 0.197219 0.297354
25 0.499047 0.502073 0.264688 0.179646
25 0.693187 0.847594 0.251938 0.289937
25 0.62275 0.399625 0.207313 0.143833
25 0.652055 0.308385 0.236328 0.134521
25 0.365664 0.186219 0.138109 0.0688958
25 0.637227 0.16401 0.145297 0.130979
3 0.5 0.543688 1 0.912625
4 0.395453 0.918188 0.132469 0.137667
40 0.749438 0.282969 0.068875 0.0604375
25 0.255195 0.225646 0.150203 0.0819583
25 0.144422 0.291271 0.183094 0.125417
25 0.0557422 0.380312 0.111484 0.153167
40 0.838328 0.280281 0.0306875 0.0193542
25 0.134875 0.489365 0.26975 0.191688
