6 0.19274 0.404625 0.364663 0.711062
28 0.230937 0.763773 0.124038 0.0955156
28 0.860721 0.264437 0.0521154 0.0293125
31 0.666815 0.635563 0.113486 0.136
2 0.655144 0.779773 0.625769 0.233703
6 0.910325 0.413461 0.179351 0.512891
3 0.523293 0.806984 0.953413 0.386031
6 0.591178 0.371906 0.470192 0.6045
28 0.709892 0.169898 0.0613221 0.0418281
28 0.861106 0.123367 0.0563462 0.0344531
28 0.854519 0.172797 0.0579327 0.0390625
28 0.934447 0.169328 0.0424038 0.0364063
28 0.494615 0.236281 0.0482212 0.0338125
28 0.451791 0.233664 0.0566587 0.0387656
28 0.443882 0.187086 0.0471394 0.0400469
28 0.360457 0.233461 0.0450962 0.0347969
