6 0.484273 0.759555 0.176922 0.377518
6 0.269125 0.83596 0.202406 0.260679
6 0.11932 0.797857 0.158859 0.334403
6 0.141641 0.501288 0.0450625 0.104871
6 0.40918 0.492845 0.0455781 0.117119
6 0.32525 0.523993 0.0469375 0.0644731
6 0.257008 0.502787 0.0486719 0.0983138
6 0.0262656 0.60918 0.0523125 0.182436
6 0.86825 0.520492 0.0339687 0.0491803
6 0.0653438 0.624848 0.06675 0.139204
6 0.287078 0.530316 0.0295312 0.0583372
6 0.0493594 0.509801 0.0400625 0.106862
6 0.813289 0.510515 0.0256094 0.0696019
